{
 "cells": [
  {
   "cell_type": "code",
   "execution_count": 32,
   "metadata": {},
   "outputs": [],
   "source": [
    "from lda_lib import lda_ajp\n",
    "import numpy as np"
   ]
  },
  {
   "cell_type": "code",
   "execution_count": 46,
   "metadata": {},
   "outputs": [],
   "source": [
    "# dataset = np.load('datasets/fashion_train.npy')\n",
    "# print(\"Dataset shape: \", dataset.shape)\n",
    "\n",
    "dataset = np.random.rand(4, 10)\n",
    "\n",
    "# add one column with labels (0, 0, 1, 2)\n",
    "labels = np.array([0, 0, 1, 2]).reshape(-1, 1)\n",
    "dataset = np.hstack((dataset, labels))"
   ]
  },
  {
   "cell_type": "code",
   "execution_count": 47,
   "metadata": {},
   "outputs": [],
   "source": [
    "X = dataset[:, :-1]\n",
    "y = dataset[:, -1]"
   ]
  },
  {
   "cell_type": "code",
   "execution_count": 48,
   "metadata": {},
   "outputs": [
    {
     "name": "stdout",
     "output_type": "stream",
     "text": [
      "[[0.68340802 0.62431382 0.63356398 0.48587681 0.75958225 0.4502235\n",
      "  0.19034166 0.10983489 0.86226675 0.80732945]\n",
      " [0.99439589 0.26191509 0.07901402 0.82554267 0.43564036 0.09608476\n",
      "  0.20419927 0.02283774 0.45600712 0.95768941]\n",
      " [0.37111997 0.18760044 0.64911746 0.61890436 0.06677704 0.20539193\n",
      "  0.23764097 0.33095842 0.51768741 0.09461708]\n",
      " [0.52791333 0.88411456 0.8793957  0.58507866 0.42773653 0.4736045\n",
      "  0.99280875 0.46641776 0.84702242 0.07860214]]\n",
      "[0. 0. 1. 2.]\n"
     ]
    }
   ],
   "source": [
    "print(X)\n",
    "print(y)"
   ]
  },
  {
   "cell_type": "code",
   "execution_count": 49,
   "metadata": {},
   "outputs": [],
   "source": [
    "our_thingie = lda_ajp(X, y)"
   ]
  },
  {
   "cell_type": "code",
   "execution_count": 50,
   "metadata": {},
   "outputs": [
    {
     "name": "stdout",
     "output_type": "stream",
     "text": [
      "[[0.37111997 0.18760044 0.64911746 0.61890436 0.06677704 0.20539193\n",
      "  0.23764097 0.33095842 0.51768741 0.09461708]]\n"
     ]
    }
   ],
   "source": [
    "print(X[y == 1])"
   ]
  },
  {
   "cell_type": "code",
   "execution_count": 51,
   "metadata": {},
   "outputs": [
    {
     "name": "stdout",
     "output_type": "stream",
     "text": [
      "Scatter within: [[ 4.83567286e-02 -5.63508055e-02 -8.62291551e-02  5.28159815e-02\n",
      "  -5.03709988e-02 -5.50664264e-02  2.15477308e-03 -1.35275299e-02\n",
      "  -6.31709093e-02  2.33800622e-02]\n",
      " [-5.63508055e-02  6.56664208e-02  1.00484100e-01 -6.15472384e-02\n",
      "   5.86980643e-02  6.41697149e-02 -2.51098869e-03  1.57638292e-02\n",
      "   7.36139877e-02 -2.72451297e-02]\n",
      " [-8.62291551e-02  1.00484100e-01  1.53762825e-01 -9.41808430e-02\n",
      "   8.98209784e-02  9.81938101e-02 -3.84236625e-03  2.41221338e-02\n",
      "   1.12645630e-01 -4.16910547e-02]\n",
      " [ 5.28159815e-02 -6.15472384e-02 -9.41808430e-02  5.76864478e-02\n",
      "  -5.50159992e-02 -6.01444193e-02  2.35347713e-03 -1.47749815e-02\n",
      "  -6.89962632e-02  2.55360727e-02]\n",
      " [-5.03709988e-02  5.86980643e-02  8.98209784e-02 -5.50159992e-02\n",
      "   5.24691723e-02  5.73601851e-02 -2.24452884e-03  1.40910110e-02\n",
      "   6.58022553e-02 -2.43539446e-02]\n",
      " [-5.50664264e-02  6.41697149e-02  9.81938101e-02 -6.01444193e-02\n",
      "   5.73601851e-02  6.27071228e-02 -2.45375683e-03  1.54045311e-02\n",
      "   7.19361365e-02 -2.66241434e-02]\n",
      " [ 2.15477308e-03 -2.51098869e-03 -3.84236625e-03  2.35347713e-03\n",
      "  -2.24452884e-03 -2.45375683e-03  9.60165657e-05 -6.02785964e-04\n",
      "  -2.81489212e-03  1.04181424e-03]\n",
      " [-1.35275299e-02  1.57638292e-02  2.41221338e-02 -1.47749815e-02\n",
      "   1.40910110e-02  1.54045311e-02 -6.02785964e-04  3.78425239e-03\n",
      "   1.76717158e-02 -6.54044433e-03]\n",
      " [-6.31709093e-02  7.36139877e-02  1.12645630e-01 -6.89962632e-02\n",
      "   6.58022553e-02  7.19361365e-02 -2.81489212e-03  1.76717158e-02\n",
      "   8.25234439e-02 -3.05425912e-02]\n",
      " [ 2.33800622e-02 -2.72451297e-02 -4.16910547e-02  2.55360727e-02\n",
      "  -2.43539446e-02 -2.66241434e-02  1.04181424e-03 -6.54044433e-03\n",
      "  -3.05425912e-02  1.13040590e-02]]\n"
     ]
    }
   ],
   "source": [
    "scatter_within = our_thingie.scatter_within()"
   ]
  },
  {
   "cell_type": "code",
   "execution_count": 52,
   "metadata": {},
   "outputs": [
    {
     "data": {
      "text/plain": [
       "-3.1402657220937573e-158"
      ]
     },
     "execution_count": 52,
     "metadata": {},
     "output_type": "execute_result"
    }
   ],
   "source": [
    "np.linalg.det(scatter_within)"
   ]
  },
  {
   "cell_type": "code",
   "execution_count": 53,
   "metadata": {},
   "outputs": [
    {
     "data": {
      "text/plain": [
       "array([[-1.17175743e+17,  1.53014020e+16,  1.91533818e+16,\n",
       "         6.61037820e+16, -5.63646668e+15, -1.06602501e+17,\n",
       "        -4.23459960e+17, -2.81588540e+17, -1.51288192e+16,\n",
       "        -2.27452175e+17],\n",
       "       [-7.43077332e+16,  2.02365117e+16, -8.86186812e+16,\n",
       "        -1.36830411e+16, -1.36724851e+16, -3.39195528e+16,\n",
       "        -1.01890248e+18,  4.57316080e+16,  3.11034383e+16,\n",
       "         1.59274063e+15],\n",
       "       [ 6.46484396e+15,  1.39078355e+16,  5.10049329e+15,\n",
       "        -2.88347997e+16, -7.79681451e+15, -4.27426352e+16,\n",
       "        -1.62850307e+17, -1.47031802e+17, -6.19130394e+15,\n",
       "        -1.00160167e+17],\n",
       "       [ 1.52378292e+17, -1.06387075e+16, -6.74639018e+16,\n",
       "        -6.23263346e+16,  3.45259739e+16,  9.24275610e+16,\n",
       "         6.75106326e+16,  2.82357755e+17,  3.26629363e+16,\n",
       "         8.86524317e+16],\n",
       "       [ 6.43371375e+16, -1.28674275e+16,  5.23058801e+16,\n",
       "         1.28674275e+16, -1.54409130e+16,  2.57348550e+16,\n",
       "         1.48232765e+18,  2.05878840e+17,  1.93011413e+16,\n",
       "         6.17636520e+16],\n",
       "       [ 2.83083405e+16, -4.88962245e+16,  2.26690324e+15,\n",
       "        -2.31613695e+16,  5.66166810e+16,  2.57348550e+16,\n",
       "         3.29406144e+17,  2.05878840e+17, -3.47420543e+16,\n",
       "         6.17636520e+16],\n",
       "       [ 1.52350342e+18, -1.68820649e+18, -1.28613839e+17,\n",
       "        -6.17636520e+17,  7.41163824e+17,  1.07056997e+18,\n",
       "         2.63524915e+18,  8.56455975e+18,  1.37938823e+18,\n",
       "         6.25871674e+18],\n",
       "       [-1.02939420e+16, -1.13233362e+17,  2.97870548e+16,\n",
       "         1.13233362e+17, -2.05878840e+16,  2.26466724e+17,\n",
       "         1.97643687e+18, -4.94109216e+17,  1.69850043e+17,\n",
       "         8.23515360e+16],\n",
       "       [ 2.57348550e+16, -5.14697100e+15, -2.01698856e+16,\n",
       "         5.14697100e+15,  5.14697100e+16,  1.02939420e+16,\n",
       "        -3.29406144e+17,  8.23515360e+16,  7.72045650e+15,\n",
       "         8.23515360e+16],\n",
       "       [-1.28674275e+17,  2.57348550e+16,  1.06292722e+16,\n",
       "        -2.57348550e+16,  3.08818260e+16, -5.14697100e+16,\n",
       "         1.64703072e+18, -4.11757680e+17, -3.86022825e+16,\n",
       "        -1.23527304e+17]])"
      ]
     },
     "execution_count": 53,
     "metadata": {},
     "output_type": "execute_result"
    }
   ],
   "source": [
    "np.linalg.inv(scatter_within)"
   ]
  }
 ],
 "metadata": {
  "kernelspec": {
   "display_name": "Python 3",
   "language": "python",
   "name": "python3"
  },
  "language_info": {
   "codemirror_mode": {
    "name": "ipython",
    "version": 3
   },
   "file_extension": ".py",
   "mimetype": "text/x-python",
   "name": "python",
   "nbconvert_exporter": "python",
   "pygments_lexer": "ipython3",
   "version": "3.11.5"
  }
 },
 "nbformat": 4,
 "nbformat_minor": 2
}
